# Zeit in Sekunden;   Temperatur in Celsius 
1369541661          18.000000 
1369541722          18.062498 
1369541783          18.000000 
1369541844          18.000000 
1369541905          18.062498 
1369541967          18.062498 
1369542028          18.062498 
1369542089          18.062498 
1369542150          18.062498 
1369542211          18.062498 
1369542272          18.062498 
1369542333          18.062498 
1369542395          18.062498 
1369542456          18.062498 
1369542517          18.062498 
1369542578          18.062498 
1369542639          18.062498 
1369542700          18.062498 
1369542761          18.062498 
1369542823          18.062498 
1369542884          18.062498 
1369542945          18.062498 
1369543006          18.062498 
1369543067          18.125000 
1369543128          18.125000 
1369543190          18.062498 
1369543251          18.125000 
1369543312          18.125000 
1369543373          18.125000 
1369543434          18.125000 
1369543495          18.125000 
1369543556          18.125000 
1369543618          18.125000 
1369543679          18.125000 
1369543740          18.125000 
1369543801          18.125000 
1369543862          18.125000 
1369543923          18.125000 
1369543984          18.125000 
1369544046          18.125000 
1369544107          18.125000 
1369544168          18.187502 
1369544229          18.187502 
1369544290          18.187502 
1369544351          18.125000 
1369544412          18.187502 
1369544474          18.187502 
1369544535          18.187502 
1369544596          18.187502 
1369544657          18.187502 
1369544718          18.187502 
1369544779          18.187502 
1369544840          18.187502 
1369544902          18.187502 
1369544963          18.187502 
1369545024          18.250000 
1369545085          18.250000 
1369545146          18.250000 
1369545207          18.250000 
1369545268          18.250000 
1369545330          18.250000 
1369545391          18.250000 
1369545452          18.312500 
1369545513          18.312500 
1369545574          18.312500 
1369545635          18.312500 
1369545697          18.312500 
1369545758          18.312500 
1369545819          18.312500 
1369545880          18.374998 
1369545941          18.374998 
1369546002          18.374998 
1369546063          18.374998 
1369546125          18.374998 
1369546186          18.374998 
1369546247          18.374998 
1369546308          18.437500 
1369546369          18.437500 
1369546430          18.437500 
1369546491          18.437500 
1369546553          18.437500 
1369546614          18.500002 
1369546675          18.500002 
1369546736          18.500002 
1369546797          18.500002 
1369546858          18.500002 
1369546919          18.500002 
1369546981          18.500002 
1369547042          18.562500 
1369547103          18.562500 
1369547164          18.562500 
1369547225          18.562500 
1369547286          18.625000 
1369547347          18.562500 
1369547409          18.625000 
1369547470          18.625000 
1369547531          18.625000 
1369547592          18.625000 
1369547653          18.687498 
1369547714          18.687498 
1369547775          18.687498 
1369547837          18.687498 
1369547898          18.687498 
1369547959          18.750000 
1369548020          18.750000 
1369548081          18.750000 
1369548142          18.750000 
1369548203          18.812502 
1369548265          18.812502 
1369548326          18.812502 
1369548387          18.812502 
1369548448          18.812502 
1369548509          18.812502 
1369548570          18.875000 
1369548631          18.875000 
1369548693          18.875000 
1369548754          18.875000 
1369548815          18.937500 
1369548876          18.937500 
1369548937          18.937500 
1369548998          18.937500 
1369549059          18.999998 
1369549121          18.999998 
1369549182          18.999998 
1369549243          18.999998 
1369549304          19.062500 
1369549365          19.062500 
1369549426          19.062500 
1369549488          19.062500 
1369549549          19.062500 
1369549610          19.062500 
1369549671          19.125002 
1369549732          19.125002 
1369549793          19.187500 
1369549854          19.187500 
1369549916          19.187500 
1369549977          19.250000 
1369550038          19.250000 
1369550099          19.250000 
1369550160          19.312498 
1369550221          19.312498 
1369550282          19.312498 
1369550344          19.312498 
1369550405          19.375000 
1369550466          19.375000 
1369550527          19.375000 
1369550588          19.437502 
1369550649          19.437502 
1369550710          19.437502 
1369550772          19.437502 
1369550833          19.500000 
1369550894          19.562500 
1369550955          19.562500 
1369551016          19.624998 
1369551077          19.687500 
1369551138          19.687500 
1369551200          19.750002 
1369551261          19.812500 
1369551322          19.875000 
1369551383          19.875000 
1369551444          19.937498 
1369551505          19.937498 
1369551566          20.062502 
1369551628          20.062502 
1369551689          20.125000 
1369551750          20.125000 
1369551811          20.187500 
1369551872          20.249998 
1369551933          20.249998 
1369551994          20.312500 
1369552056          20.312500 
1369552117          20.312500 
1369552178          20.375002 
1369552239          20.437500 
1369552300          20.437500 
1369552361          20.437500 
1369552423          20.437500 
1369552484          20.500000 
1369552545          20.500000 
1369552606          20.500000 
1369552667          20.562498 
1369552728          20.562498 
1369552789          20.625000 
1369552851          20.625000 
1369552912          20.687502 
1369552973          20.750000 
1369553034          20.812500 
1369553095          20.812500 
1369553156          20.874998 
1369553217          20.937500 
1369553279          21.000002 
1369553340          21.062500 
1369553401          21.125000 
1369553462          21.187498 
1369553523          21.187498 
1369553584          21.250000 
1369553646          21.312502 
1369553707          21.312502 
1369553768          21.375000 
1369553829          21.437500 
1369553890          21.375000 
1369553951          21.437500 
1369554012          21.437500 
1369554074          21.437500 
1369554135          21.437500 
1369554196          21.499998 
1369554257          21.499998 
1369554318          21.437500 
1369554379          21.499998 
1369554440          21.499998 
1369554502          21.562500 
1369554563          21.562500 
1369554624          21.562500 
1369554685          21.625002 
1369554746          21.625002 
1369554807          21.625002 
1369554869          21.625002 
1369554930          21.625002 
1369554991          21.625002 
1369555052          21.687500 
1369555113          21.687500 
1369555174          21.687500 
1369555235          21.687500 
1369555297          21.687500 
1369555358          21.687500 
1369555419          21.625002 
1369555480          21.625002 
1369555541          21.625002 
1369555602          21.625002 
1369555664          21.625002 
1369555725          21.625002 
1369555786          21.625002 
1369555847          21.625002 
1369555908          21.625002 
1369555969          21.625002 
1369556030          21.625002 
1369556092          21.687500 
1369556153          21.687500 
1369556214          21.750000 
1369556275          21.750000 
1369556336          21.812498 
1369556397          21.812498 
1369556459          21.875000 
1369556520          21.937502 
1369556581          21.937502 
1369556642          22.000000 
1369556703          22.000000 
1369556764          22.124998 
1369556825          22.250002 
1369556887          22.375000 
1369556948          22.500000 
1369557009          22.625000 
1369557070          22.749998 
1369557131          22.875002 
1369557192          22.937500 
1369557254          23.062498 
1369557315          23.125000 
1369557376          23.125000 
1369557437          23.125000 
1369557498          23.125000 
1369557559          23.125000 
1369557620          23.062498 
1369557682          23.062498 
1369557743          23.062498 
1369557804          23.062498 
1369557865          23.062498 
1369557926          23.062498 
1369557987          23.062498 
1369558049          23.062498 
1369558110          23.062498 
1369558171          23.062498 
1369558232          23.125000 
1369558293          23.187502 
1369558354          23.250000 
1369558415          23.312500 
1369558477          23.312500 
1369558538          23.374998 
1369558599          23.437500 
1369558660          23.500002 
1369558721          23.562500 
1369558782          23.625000 
1369558844          23.687498 
1369558905          23.812502 
1369558966          23.937500 
1369559027          24.062500 
1369559088          24.187500 
1369559149          24.312498 
1369559210          24.437502 
1369559272          24.562500 
1369559333          24.687500 
1369559394          24.812500 
1369559455          24.937498 
1369559516          25.000000 
1369559577          25.125000 
1369559639          25.187500 
1369559700          25.312500 
1369559761          25.375002 
1369559822          25.437500 
1369559883          25.500000 
1369559944          25.562498 
1369560006          25.625000 
1369560067          25.625000 
1369560128          25.687502 
1369560189          25.687502 
1369560250          25.750000 
1369560311          25.812500 
1369560373          25.812500 
1369560434          25.750000 
1369560495          25.687502 
1369560556          25.625000 
1369560617          25.562498 
1369560678          25.437500 
1369560740          25.375002 
1369560801          25.249998 
1369560862          25.125000 
1369560923          25.062502 
1369560984          25.000000 
1369561045          24.875000 
1369561106          24.812500 
1369561168          24.750002 
1369561229          24.687500 
1369561290          24.562500 
1369561351          24.562500 
1369561412          24.437502 
1369561473          24.375000 
1369561535          24.312498 
1369561596          24.250000 
1369561657          24.250000 
1369561718          24.125002 
1369561779          24.062500 
1369561840          24.062500 
1369561902          23.999998 
1369561963          23.937500 
1369562024          23.875000 
1369562085          23.812502 
1369562146          23.750000 
1369562207          23.687498 
1369562268          23.625000 
1369562330          23.562500 
1369562391          23.562500 
1369562452          23.500002 
1369562513          23.500002 
1369562574          23.500002 
1369562635          23.500002 
1369562697          23.562500 
1369562758          23.625000 
1369562819          23.687498 
1369562880          23.812502 
1369562941          23.937500 
1369563002          23.999998 
1369563064          24.125002 
1369563125          24.187500 
1369563186          24.187500 
1369563247          24.250000 
1369563308          24.187500 
1369563369          24.187500 
1369563430          24.187500 
1369563492          24.125002 
1369563553          24.125002 
1369563614          24.062500 
1369563675          23.999998 
1369563736          23.937500 
1369563797          23.937500 
1369563859          23.812502 
1369563920          23.812502 
1369563981          23.750000 
1369564042          23.750000 
1369564103          23.687498 
1369564164          23.625000 
1369564225          23.625000 
1369564287          23.562500 
1369564348          23.562500 
1369564409          23.500002 
1369564470          23.500002 
1369564531          23.437500 
1369564592          23.374998 
1369564653          23.374998 
1369564715          23.374998 
1369564776          23.312500 
1369564837          23.312500 
1369564898          23.250000 
1369564959          23.187502 
1369565020          23.125000 
1369565082          23.125000 
1369565143          23.062498 
1369565204          23.000000 
1369565265          23.000000 
1369565326          22.937500 
1369565387          22.875002 
1369565448          22.812500 
1369565510          22.812500 
1369565571          22.749998 
1369565632          22.749998 
1369565693          22.625000 
1369565754          22.625000 
1369565815          22.625000 
1369565876          22.562502 
1369565938          22.562502 
1369565999          22.500000 
1369566060          22.437498 
1369566121          22.500000 
1369566182          22.437498 
1369566243          22.375000 
1369566305          22.375000 
1369566366          22.437498 
1369566427          22.375000 
1369566488          22.375000 
1369566549          22.375000 
1369566610          22.375000 
1369566671          22.437498 
1369566733          22.437498 
1369566794          22.437498 
1369566855          22.437498 
1369566916          22.500000 
1369566977          22.500000 
1369567038          22.500000 
1369567099          22.500000 
1369567161          22.500000 
1369567222          22.562502 
1369567283          22.562502 
1369567344          22.562502 
1369567405          22.625000 
1369567466          22.687500 
1369567528          22.687500 
1369567589          22.687500 
1369567650          22.687500 
1369567711          22.687500 
1369567772          22.687500 
1369567833          22.749998 
1369567894          22.749998 
1369567956          22.749998 
1369568017          22.687500 
1369568078          22.687500 
1369568139          22.749998 
1369568200          22.687500 
1369568261          22.687500 
1369568322          22.749998 
1369568384          22.749998 
1369568445          22.749998 
1369568506          22.812500 
1369568567          22.812500 
1369568628          22.812500 
1369568689          22.812500 
1369568750          22.875002 
1369568812          22.875002 
1369568873          22.937500 
1369568934          22.937500 
1369568995          22.937500 
1369569056          22.937500 
1369569117          23.000000 
1369569178          23.000000 
1369569240          23.000000 
1369569301          23.062498 
1369569362          23.125000 
1369569423          23.125000 
1369569484          23.187502 
1369569545          23.187502 
1369569607          23.187502 
1369569668          23.187502 
1369569729          23.187502 
1369569790          23.250000 
1369569851          23.250000 
1369569912          23.250000 
1369569973          23.250000 
1369570035          23.187502 
1369570096          23.187502 
1369570157          23.187502 
1369570218          23.187502 
1369570279          23.187502 
1369570340          23.187502 
1369570401          23.187502 
1369570463          23.187502 
1369570524          23.187502 
1369570585          23.187502 
1369570646          23.187502 
1369570707          23.125000 
1369570768          23.125000 
1369570829          23.125000 
1369570891          23.062498 
1369570952          23.062498 
1369571013          23.000000 
1369571074          23.000000 
1369571135          22.937500 
1369571196          22.875002 
1369571258          22.875002 
1369571319          22.812500 
1369571380          22.812500 
1369571441          22.749998 
1369571502          22.749998 
1369571563          22.687500 
1369571624          22.687500 
1369571686          22.625000 
1369571747          22.625000 
1369571808          22.562502 
1369571869          22.500000 
1369571930          22.500000 
1369571991          22.500000 
1369572053          22.437498 
1369572114          22.437498 
1369572175          22.375000 
1369572236          22.312500 
1369572297          22.312500 
1369572358          22.312500 
1369572419          22.250002 
1369572481          22.250002 
1369572542          22.187500 
1369572603          22.187500 
1369572664          22.124998 
1369572725          22.124998 
1369572786          22.124998 
1369572848          22.062500 
1369572909          22.062500 
1369572970          22.062500 
1369573031          22.000000 
1369573092          22.000000 
1369573153          21.937502 
1369573214          21.937502 
1369573276          21.937502 
1369573337          21.937502 
1369573398          21.937502 
1369573459          21.937502 
1369573520          21.937502 
1369573581          21.937502 
1369573642          21.875000 
1369573704          21.875000 
1369573765          21.937502 
1369573826          21.937502 
1369573887          21.937502 
1369573948          21.937502 
1369574009          22.000000 
1369574071          22.000000 
1369574132          22.062500 
1369574193          22.187500 
1369574254          22.250002 
1369574315          22.437498 
1369574376          22.562502 
1369574437          22.687500 
1369574499          22.812500 
1369574560          22.937500 
1369574621          23.000000 
1369574682          23.062498 
1369574743          23.187502 
1369574804          23.250000 
1369574865          23.312500 
1369574927          23.312500 
1369574988          23.312500 
1369575049          23.312500 
1369575110          23.312500 
1369575171          23.312500 
1369575232          23.312500 
1369575293          23.374998 
1369575355          23.437500 
1369575416          23.437500 
1369575477          23.437500 
1369575538          23.437500 
1369575599          23.437500 
1369575660          23.437500 
1369575722          23.437500 
1369575783          23.500002 
1369575844          23.500002 
1369575905          23.500002 
1369575966          23.500002 
1369576027          23.500002 
1369576088          23.500002 
1369576150          23.500002 
1369576211          23.500002 
1369576272          23.500002 
1369576333          23.500002 
1369576394          23.500002 
1369576455          23.500002 
1369576517          23.500002 
1369576578          23.500002 
1369576639          23.500002 
1369576700          23.500002 
1369576761          23.500002 
1369576822          23.500002 
1369576883          23.437500 
1369576945          23.437500 
1369577006          23.437500 
1369577067          23.374998 
1369577128          23.374998 
1369577189          23.374998 
1369577250          23.312500 
1369577312          23.312500 
1369577373          23.312500 
1369577434          23.312500 
1369577495          23.312500 
1369577556          23.250000 
1369577617          23.250000 
1369577678          23.250000 
1369577740          23.187502 
1369577801          23.187502 
1369577862          23.187502 
1369577923          23.125000 
1369577984          23.125000 
1369578045          23.125000 
1369578106          23.062498 
1369578168          23.062498 
1369578229          23.062498 
1369578290          23.062498 
1369578351          23.000000 
1369578412          23.000000 
1369578473          23.000000 
1369578534          23.000000 
1369578596          23.000000 
1369578657          23.000000 
1369578718          23.062498 
1369578779          23.062498 
1369578840          23.062498 
1369578901          23.062498 
1369578963          23.062498 
1369579024          23.000000 
1369579085          23.000000 
1369579146          23.000000 
1369579207          23.000000 
1369579268          22.937500 
1369579329          22.937500 
1369579391          22.875002 
1369579452          22.875002 
1369579513          22.812500 
1369579574          22.812500 
1369579635          22.749998 
1369579696          22.749998 
1369579757          22.687500 
1369579819          22.625000 
1369579880          22.625000 
1369579941          22.562502 
1369580002          22.562502 
1369580063          22.500000 
1369580124          22.500000 
1369580186          22.500000 
1369580247          22.437498 
1369580308          22.437498 
1369580369          22.437498 
1369580430          22.375000 
1369580491          22.375000 
1369580552          22.312500 
1369580614          22.312500 
1369580675          22.312500 
1369580736          22.250002 
1369580797          22.250002 
1369580858          22.187500 
1369580919          22.187500 
1369580980          22.187500 
1369581042          22.187500 
1369581103          22.124998 
1369581164          22.124998 
1369581225          22.124998 
1369581286          22.124998 
1369581347          22.062500 
1369581408          22.062500 
1369581470          22.062500 
1369581531          22.000000 
1369581592          22.000000 
1369581653          22.000000 
1369581714          22.000000 
1369581775          22.000000 
1369581837          21.937502 
1369581898          21.937502 
1369581959          21.937502 
1369582020          21.875000 
1369582081          21.875000 
1369582142          21.875000 
1369582203          21.875000 
1369582265          21.812498 
1369582326          21.812498 
1369582387          21.812498 
1369582448          21.750000 
1369582509          21.750000 
1369582570          21.750000 
1369582631          21.750000 
1369582693          21.750000 
1369582754          21.687500 
1369582815          21.687500 
1369582876          21.687500 
1369582937          21.687500 
1369582998          21.687500 
1369583059          21.687500 
1369583121          21.625002 
1369583182          21.625002 
1369583243          21.625002 
1369583304          21.562500 
1369583365          21.562500 
1369583426          21.562500 
1369583487          21.562500 
1369583549          21.499998 
1369583610          21.499998 
1369583671          21.499998 
1369583732          21.499998 
1369583793          21.437500 
1369583854          21.499998 
1369583915          21.437500 
1369583977          21.437500 
1369584038          21.437500 
1369584099          21.437500 
1369584160          21.375000 
1369584221          21.375000 
1369584282          21.375000 
1369584344          21.375000 
1369584405          21.375000 
1369584466          21.375000 
1369584527          21.312502 
1369584588          21.312502 
1369584649          21.312502 
1369584710          21.312502 
1369584772          21.312502 
1369584833          21.312502 
1369584894          21.250000 
1369584955          21.250000 
1369585016          21.250000 
1369585077          21.187498 
1369585138          21.250000 
1369585200          21.187498 
1369585261          21.187498 
1369585322          21.187498 
1369585383          21.187498 
1369585444          21.125000 
1369585505          21.125000 
1369585566          21.125000 
1369585628          21.125000 
1369585689          21.125000 
1369585750          21.125000 
1369585811          21.125000 
1369585872          21.062500 
1369585933          21.062500 
1369585994          21.062500 
1369586056          21.062500 
1369586117          21.062500 
1369586178          21.000002 
1369586239          21.000002 
1369586300          21.000002 
1369586361          21.000002 
1369586422          21.000002 
1369586484          20.937500 
1369586545          20.937500 
1369586606          20.937500 
1369586667          20.937500 
1369586728          20.937500 
1369586789          20.937500 
1369586850          20.937500 
1369586912          20.874998 
1369586973          20.937500 
1369587034          20.874998 
1369587095          20.874998 
1369587156          20.874998 
1369587217          20.874998 
1369587278          20.874998 
1369587340          20.874998 
1369587401          20.874998 
1369587462          20.874998 
1369587523          20.874998 
1369587584          20.874998 
1369587645          20.874998 
1369587707          20.812500 
1369587768          20.812500 
1369587829          20.812500 
1369587890          20.812500 
1369587951          20.812500 
1369588012          20.812500 
1369588073          20.812500 
1369588135          20.750000 
1369588196          20.750000 
1369588257          20.750000 
1369588318          20.750000 
1369588379          20.750000 
1369588440          20.750000 
1369588501          20.750000 
1369588563          20.750000 
1369588624          20.687502 
1369588685          20.687502 
1369588746          20.687502 
1369588807          20.687502 
1369588868          20.687502 
1369588929          20.687502 
1369588991          20.625000 
1369589052          20.687502 
1369589113          20.625000 
1369589174          20.625000 
1369589235          20.625000 
1369589296          20.625000 
1369589357          20.625000 
1369589419          20.562498 
1369589480          20.562498 
1369589541          20.625000 
1369589602          20.562498 
1369589663          20.562498 
1369589724          20.562498 
1369589785          20.562498 
1369589847          20.562498 
1369589908          20.562498 
1369589969          20.562498 
1369590030          20.562498 
1369590091          20.562498 
1369590152          20.500000 
1369590213          20.500000 
1369590275          20.500000 
1369590336          20.500000 
1369590397          20.500000 
1369590458          20.500000 
1369590519          20.500000 
1369590580          20.500000 
1369590641          20.500000 
1369590703          20.500000 
1369590764          20.500000 
1369590825          20.500000 
1369590886          20.500000 
1369590947          20.500000 
1369591008          20.500000 
1369591069          20.562498 
1369591131          20.562498 
1369591192          20.562498 
1369591253          20.562498 
1369591314          20.562498 
1369591375          20.562498 
1369591436          20.562498 
1369591497          20.562498 
1369591559          20.562498 
1369591620          20.562498 
1369591681          20.562498 
1369591742          20.562498 
1369591803          20.500000 
1369591864          20.562498 
1369591926          20.562498 
1369591987          20.500000 
1369592048          20.500000 
1369592109          20.500000 
1369592170          20.500000 
1369592231          20.500000 
1369592292          20.500000 
1369592354          20.500000 
1369592415          20.500000 
1369592476          20.500000 
1369592537          20.500000 
1369592598          20.500000 
1369592659          20.500000 
1369592720          20.500000 
1369592782          20.500000 
1369592843          20.437500 
1369592904          20.437500 
1369592965          20.500000 
1369593026          20.437500 
1369593087          20.437500 
1369593148          20.437500 
1369593210          20.437500 
1369593271          20.437500 
1369593332          20.437500 
1369593393          20.437500 
1369593454          20.437500 
1369593515          20.437500 
1369593576          20.375002 
1369593638          20.437500 
1369593699          20.375002 
1369593760          20.375002 
1369593821          20.375002 
1369593882          20.375002 
1369593943          20.375002 
1369594004          20.375002 
1369594066          20.375002 
1369594127          20.312500 
1369594188          20.312500 
1369594249          20.375002 
1369594310          20.312500 
1369594371          20.312500 
1369594432          20.312500 
1369594494          20.312500 
1369594555          20.312500 
1369594616          20.312500 
1369594677          20.312500 
1369594738          20.249998 
1369594799          20.312500 
1369594860          20.312500 
1369594922          20.249998 
1369594983          20.249998 
1369595044          20.249998 
1369595105          20.249998 
1369595166          20.249998 
1369595227          20.249998 
1369595288          20.249998 
1369595350          20.249998 
1369595411          20.249998 
1369595472          20.249998 
1369595533          20.249998 
1369595594          20.249998 
1369595655          20.187500 
1369595716          20.187500 
1369595777          20.187500 
1369595839          20.187500 
1369595900          20.187500 
1369595961          20.187500 
1369596022          20.187500 
1369596083          20.187500 
1369596144          20.187500 
1369596205          20.187500 
1369596267          20.125000 
1369596328          20.125000 
1369596389          20.125000 
1369596450          20.187500 
1369596511          20.125000 
1369596572          20.125000 
1369596633          20.125000 
1369596695          20.125000 
1369596756          20.125000 
1369596817          20.125000 
1369596878          20.062502 
1369596939          20.125000 
1369597000          20.125000 
1369597061          20.125000 
1369597123          20.125000 
1369597184          20.125000 
1369597245          20.062502 
1369597306          20.062502 
1369597367          20.125000 
1369597428          20.062502 
1369597489          20.062502 
1369597551          20.125000 
1369597612          20.062502 
1369597673          20.062502 
1369597734          20.062502 
1369597795          20.062502 
1369597856          20.062502 
1369597917          20.125000 
1369597979          20.062502 
1369598040          20.125000 
1369598101          20.062502 
1369598162          20.062502 
1369598223          20.125000 
1369598284          20.062502 
1369598345          20.062502 
1369598407          20.062502 
1369598468          20.062502 
1369598529          20.062502 
1369598590          20.062502 
1369598651          20.125000 
1369598712          20.062502 
1369598773          20.125000 
1369598835          20.062502 
1369598896          20.125000 
1369598957          20.125000 
1369599018          20.062502 
1369599079          20.125000 
1369599140          20.125000 
1369599201          20.062502 
1369599263          20.125000 
1369599324          20.125000 
1369599385          20.125000 
1369599446          20.062502 
1369599507          20.062502 
1369599568          20.062502 
1369599629          20.125000 
1369599691          20.125000 
1369599752          20.062502 
1369599813          20.125000 
1369599874          20.125000 
1369599935          20.125000 
1369599996          20.125000 
1369600057          20.125000 
1369600119          20.125000 
1369600180          20.125000 
1369600241          20.125000 
1369600302          20.125000 
1369600363          20.125000 
1369600424          20.125000 
1369600485          20.125000 
1369600547          20.125000 
1369600608          20.125000 
1369600669          20.125000 
1369600730          20.125000 
1369600791          20.125000 
1369600852          20.125000 
1369600913          20.125000 
1369600975          20.125000 
1369601036          20.187500 
1369601097          20.125000 
1369601158          20.187500 
1369601219          20.187500 
1369601280          20.125000 
1369601341          20.125000 
1369601403          20.187500 
1369601464          20.187500 
1369601525          20.187500 
1369601586          20.187500 
1369601647          20.187500 
1369601708          20.125000 
1369601769          20.187500 
1369601831          20.187500 
1369601892          20.187500 
1369601953          20.187500 
1369602014          20.187500 
1369602075          20.187500 
1369602136          20.187500 
1369602197          20.187500 
1369602259          20.187500 
1369602320          20.187500 
1369602381          20.187500 
1369602442          20.187500 
1369602503          20.187500 
1369602564          20.187500 
1369602625          20.187500 
1369602687          20.187500 
1369602748          20.187500 
1369602748          20.187500 
